59077 37056
24191 19841
76486 86061
94139 47108
93585 36328
18969 80249
39605 13392
65793 62755
60923 58854
79084 1826
77610 37292
41438 97769
34456 93243
36956 12975
56529 46848
16540 66621
54406 4556
74505 5633
99244 46313
10791 55302
96910 96037
72380 31012
83446 8264
35079 41053
80397 87515
75859 43698
1636 97549
55957 73715
8847 84052
60311 86054
25811 31511
66244 52603
90991 96402
3507 58177
81243 53252
96364 84879
9228 23634
11066 21154
82286 33890
65487 88746
39464 42717
79898 36207
41075 37760
9106 48779
99257 27845
620 44731
69590 68747
37277 92890
52468 12054
5155 95864
90292 88278
46531 40745
85644 85698
82205 12529
9620 44868
11966 97846
95769 44671
95410 46091
54389 86917
46436 8629
93183 76243
94298 62109
41709 12199
42134 27999
48969 44965
74478 48066
83643 3995
63992 12128
92535 19449
88063 15284
75517 49821
44452 76255
78720 19776
58550 31468
19308 77640
72910 14442
17701 14099
18389 90883
4078 17418
90112 82248
4051 53330
67520 98028
86549 42813
53686 47686
18606 92019
49785 74712
34892 18888
78244 69761
85323 79275
21030 76127
40205 1980
50462 73232
67272 24486
12149 15678
45799 81982
33868 52751
45187 60522
10445 48053
22045 76914
47029 55628
0 0

